1 0.0703125 0.26875 0.0390625 0.0515625
1 0.1421875 0.26484375 0.0359375 0.0390625
1 0.35390625 0.79375 0.0421875 0.0515625
1 0.421875 0.7921875 0.0390625 0.0390625
1 0.6203125 0.77890625 0.0390625 0.0578125
1 0.6875 0.77890625 0.0390625 0.0546875
1 0.8671875 0.2375 0.03125 0.053125
1 0.93671875 0.23671875 0.0421875 0.05625
1 0.5984375 0.24296875 0.0390625 0.05
1 0.67109375 0.24375 0.0375 0.04375
1 0.090625 0.80390625 0.0390625 0.053125
1 0.88515625 0.771875 0.034375 0.0453125
1 0.95625 0.77578125 0.0421875 0.053125