1 0.090625 0.2375 0.03671875 0.04609375
1 0.1578125 0.23671875 0.03359375 0.03515625
1 0.33984375 0.73828125 0.0375 0.046875
1 0.40390625 0.7390625 0.034375 0.0359375
1 0.59140625 0.73359375 0.0359375 0.053125
1 0.6546875 0.73515625 0.03671875 0.04921875
1 0.8421875 0.23515625 0.028125 0.0484375
1 0.90703125 0.23671875 0.0390625 0.0515625
1 0.5890625 0.23125 0.03515625 0.0453125
1 0.65703125 0.234375 0.03359375 0.0390625
1 0.09140625 0.7390625 0.0359375 0.0484375
1 0.8421875 0.73515625 0.03046875 0.040625
1 0.9078125 0.740625 0.03828125 0.04765625