1 0.10234375 0.82578125 0.0578125 0.053125
1 0.12421875 0.75859375 0.046875 0.0453125
1 0.68671875 0.75 0.0609375 0.0546875
1 0.709375 0.6859375 0.046875 0.046875
1 0.76796875 0.496875 0.065625 0.053125
1 0.79140625 0.43515625 0.0609375 0.0515625
1 0.35703125 0.07734375 0.05625 0.04375
1 0.38125 0.0203125 0.065625 0.040625
1 0.26640625 0.328125 0.05625 0.05
1 0.29296875 0.2609375 0.05 0.046875
1 0.6015625 0.98515625 0.059375 0.0296875
1 0.85625 0.2484375 0.05 0.04375
1 0.88359375 0.184375 0.0609375 0.0546875